-2.345 	5.826
-1.843 	6.136
-1.828 	6.171
-1.935 	6.17
-1.874 	6.176
-1.819 	6.202
-1.526 	5.87
-2.879 	3.815
-2.899 	3.87
-2.903 	3.918
-2.88 	4.003
-2.973 	5.005
-2.991 	5.067
-2.979 	5.125
-2.984 	5.18
-3.021 	5.252
-3.021 	5.311
-2.708 	5.624
-2.879 	5.603
-2.829 	5.61
-2.621 	5.741
-2.776 	5.648
-2.749 	5.683
-2.717 	5.695
-2.683 	5.773
-2.67 	5.744
-2.638 	5.766
-2.767 	5.658
-2.697 	5.699
-2.633 	5.734
0.405 	5.843
0.489 	5.719
0.435 	5.819
0.515 	5.728
0.563 	5.653
0.623 	5.594
0.033 	5.443
-0.283 	6.179
-0.124 	6.18
-0.205 	6.192
-0.136 	6.194
-0.077 	6.218
0.172 	6.087
0.212 	6.042
0.247 	6.013
0.269 	5.972
0.315 	5.95
0.329 	5.882
0.255 	6.021
0.263 	6.008
0.293 	5.997
0.319 	5.944
2.218 	2.334
2.213 	2.323
2.231 	2.309
2.212 	2.347
2.188 	2.325
2.242 	2.264
2.331 	2.036
2.344 	2.111
2.328 	1.998
2.343 	1.948
2.321 	1.898
2.402 	1.826
2.027 	3.449
2.022 	3.32
2.045 	3.248
2.056 	3.187
2.036 	3.355
2.037 	3.343
2.042 	3.341
2.038 	3.324
2.04 	3.313
2.065 	3.3
2.063 	3.266
2.05 	3.183
2.102 	2.933
2.112 	3.053
2.111 	3.003
2.115 	2.955
2.11 	2.874
2.133 	2.816
2.123 	2.767
2.131 	2.371
2.155 	2.493
2.187 	2.422
2.18 	2.355
2.247 	2.271
2.236 	2.413
2.244 	2.368
-2.577 	0.5
-2.55 	0.589
-2.527 	0.664
-2.306 	1.292
-2.471 	1.027
-2.462 	1.061
-2.48 	0.979
-2.495 	0.901
-2.901 	-6.654
-2.875 	-6.712
-2.833 	-6.759
-2.797 	-6.805
-2.754 	-6.869
-2.717 	-6.907
-2.681 	-6.941
-2.666 	-6.953
-2.66 	-6.957
-2.646 	-6.982
-2.644 	-6.98
-2.625 	-6.995
-2.599 	-7.005
-2.499 	-7.058
-2.433 	-7.069
-2.484 	-7.064
-2.951 	-5.582
-2.955 	-5.637
-2.94 	-5.694
-2.927 	-5.775
2.533 	-0.568
2.551 	-0.485
2.525 	-0.43
2.522 	-0.42
2.522 	-0.405
2.525 	-0.393
2.524 	-0.389
2.524 	-0.378
0.324 	-6.535
0.567 	-7.405
0.646 	-7.416
0.578 	-7.41
0.71 	-7.401
0.459 	-7.449
0.385 	-7.426
0.334 	-7.43
0.292 	-6.386
3.394 	-2.975
3.417 	-3.075
3.412 	-2.975
3.447 	-3.085
3.463 	-3.163
3.474 	-3.21
3.505 	-3.258
3.516 	-3.33
3.541 	-3.383
0.105 	4.177
-0.21 	4.085
-0.273 	3.94
-0.274 	3.855
-0.23 	3.763
0.159 	4.073
0.209 	3.809
0.143 	3.808
0.175 	3.857
0.206 	3.861
0.207 	3.863
0.204 	3.865
0.21 	3.861
0.209 	3.862
0.206 	3.865
0.249 	3.863
-0.131 	4.137
0.257 	3.843
0.262 	3.854
0.172 	4.296
0.249 	3.829
0.31 	4.195
0.086 	3.845
0.298 	3.844
-0.121 	3.987
0.079 	3.84
0.192 	3.819
0.164 	3.803
0.156 	3.802
0.212 	3.857
0.005 	4.174
0.28 	4.208
0.262 	4.235
0.204 	4.259
0.184 	3.801
0.223 	3.807
0.224 	4.181
0.139 	4.236
0.06 	4.27
0.142 	3.975
-0.007 	4.291
-0.15 	4.276
-0.167 	4.37
-0.193 	3.866
0.134 	4.161
-0.099 	4.325
-0.046 	4.314
-0.342 	3.97
-0.404 	4.068
-0.205 	4.329
-0.04 	4.316
-0.12 	4.342
-0.184 	3.871
-0.335 	3.906
-0.196 	4.375
-0.135 	4.358
0.048 	4.247
-0.044 	4.275
-0.044 	4.286
-0.185 	4.37
-0.455 	4.38
-0.147 	4.219
-0.601 	4.086
-2.496 	-2.288
-2.488 	-2.329
-2.499 	-2.103
-2.486 	-1.992
-2.547 	-2.072
-2.495 	-1.782
-2.54 	-1.926
-2.551 	-1.81
-2.542 	-1.751
2.846 	-6.496
2.88 	-6.462
2.91 	-6.416
2.953 	-6.358
2.975 	-6.318
3.018 	-6.274
3.068 	-6.218
2.613 	-6.743
2.673 	-6.654
2.741 	-6.612
-1.718 	5.928
-1.749 	5.934
-1.767 	5.933
-1.771 	5.921
-1.781 	5.917
-1.812 	5.905
-1.848 	5.893
-1.908 	5.829
-2.377 	3.81
-2.364 	3.928
-2.343 	4.011
-2.322 	4.092
-2.296 	4.156
-2.227 	4.572
-2.228 	4.697
-2.198 	4.781
-2.182 	4.866
-2.154 	4.972
-2.158 	5.034
-1.89 	5.829
-1.703 	5.911
-1.702 	5.925
-1.646 	6.002
-1.841 	5.871
-1.601 	5.894
-1.687 	5.93
-1.72 	5.94
-1.717 	5.935
0.169 	6.163
0.381 	5.939
0.308 	6.08
0.338 	6.047
0.361 	6.017
0.394 	5.989
0.419 	5.961
0.453 	5.926
0.393 	6.049
0.395 	6.048
0.403 	6.037
0.431 	6.0
0.464 	5.921
0.496 	5.889
0.593 	5.723
0.632 	5.614
0.674 	5.698
0.792 	5.518
0.916 	5.102
2.148 	1.493
2.128 	1.625
2.104 	1.699
2.08 	1.774
2.043 	1.866
2.014 	1.933
0.301 	-7.448
0.174 	-7.436
0.082 	-7.435
0.213 	-7.442
0.156 	-7.454
0.103 	-7.459
0.068 	-7.478
0.09 	-7.47
-0.05 	-7.478
-0.122 	-7.489
-0.178 	-7.476
-0.327 	-7.451
-0.289 	-7.462
-0.529 	-7.492
-0.511 	-7.515
-0.587 	-7.544
-0.366 	-7.42
-0.05 	4.016
0.318 	4.113
0.451 	3.975
0.419 	3.951
0.355 	4.098
0.427 	4.018
0.422 	4.039
0.564 	3.878
0.489 	3.964
0.489 	3.967
0.507 	3.959
0.396 	4.044
0.498 	3.95
0.353 	4.085
0.455 	4.018
0.464 	4.006
0.415 	4.043
-0.061 	3.965
-0.06 	3.972
0.361 	4.111
0.389 	4.088
0.363 	4.115
0.233 	4.183
0.334 	4.135
0.338 	4.136
0.414 	4.052
0.365 	4.12
0.372 	4.09
0.375 	4.085
0.387 	4.078
0.414 	3.999
0.394 	4.074
0.388 	4.059
0.306 	4.155
0.301 	4.187
-0.019 	4.02
0.446 	4.018
0.363 	4.113
0.406 	4.03
0.464 	4.015
0.406 	4.033
0.38 	4.074
0.338 	4.136
0.331 	4.124
0.396 	4.053
0.381 	4.12
0.411 	4.091
0.446 	4.01
0.37 	4.101
0.365 	4.109
0.359 	4.106
0.357 	4.104
0.354 	4.114
0.352 	4.106
0.307 	4.096
0.349 	4.15
0.362 	4.132
0.43 	4.054
0.375 	4.093
0.403 	4.043
0.292 	4.152
0.379 	4.084
-2.483 	0.472
-2.47 	0.411
-2.465 	0.362
-2.359 	0.187
2.861 	-1.631
2.899 	-1.772
2.892 	-1.636
2.896 	-1.723
2.925 	-1.819
2.939 	-1.871
2.941 	-1.915
2.975 	-1.982
2.959 	-2.096
0.85 	4.004
0.728 	3.902
0.566 	3.639
0.892 	3.963
0.727 	3.929
0.582 	3.865
1.032 	3.895
-3.043 	-5.585
-2.845 	-5.949
3.615 	-5.835
3.751 	-5.65
3.756 	-5.693
3.787 	-5.582
3.768 	-5.545
3.746 	-5.471
3.729 	-5.417
3.721 	-5.391
3.725 	-5.385
3.718 	-5.374
3.716 	-5.364
3.721 	-5.358
3.715 	-5.343
3.691 	-5.348
3.698 	-5.344
3.696 	-5.345
3.697 	-5.345
3.698 	-5.344
3.698 	-5.343
3.691 	-5.341
3.694 	-5.341
3.692 	-5.341
3.696 	-5.34
3.69 	-5.342
3.695 	-5.341
3.693 	-5.341
3.69 	-5.342
3.69 	-5.342
3.69 	-5.342
3.691 	-5.342
3.689 	-5.342
3.693 	-5.341
3.689 	-5.342
3.69 	-5.342
3.689 	-5.342
3.69 	-5.342
3.689 	-5.342
3.691 	-5.341
3.689 	-5.342
3.689 	-5.342
3.689 	-5.342
3.691 	-5.341
3.689 	-5.342
3.69 	-5.342
3.689 	-5.342
3.69 	-5.342
3.69 	-5.342
3.691 	-5.341
3.689 	-5.342
3.689 	-5.342
3.69 	-5.342
3.694 	-5.341
3.69 	-5.342
3.69 	-5.342
3.691 	-5.341
3.69 	-5.342
3.69 	-5.342
3.689 	-5.342
3.69 	-5.342
3.689 	-5.342
3.69 	-5.342
3.69 	-5.342
3.691 	-5.341
3.689 	-5.342
3.69 	-5.342
3.69 	-5.342
3.689 	-5.342
3.691 	-5.341
3.689 	-5.342
3.69 	-5.342
3.691 	-5.341
3.689 	-5.342
3.69 	-5.342
3.691 	-5.341
3.689 	-5.342
3.689 	-5.342
3.689 	-5.342
3.689 	-5.342
3.69 	-5.342
3.689 	-5.342
3.69 	-5.342
3.69 	-5.342
3.69 	-5.342
3.689 	-5.342
3.691 	-5.341
3.691 	-5.341
3.689 	-5.342
3.689 	-5.342
3.691 	-5.341
3.689 	-5.342
3.689 	-5.342
3.691 	-5.341
3.691 	-5.341
3.689 	-5.342
3.69 	-5.342
3.69 	-5.342
3.69 	-5.342
3.688 	-5.343
3.689 	-5.342
3.691 	-5.341
3.689 	-5.342
3.69 	-5.342
3.69 	-5.342
3.689 	-5.342
3.689 	-5.342
3.69 	-5.342
3.69 	-5.342
3.69 	-5.342
3.69 	-5.342
3.69 	-5.342
3.691 	-5.341
3.689 	-5.342
3.689 	-5.342
3.69 	-5.342
3.691 	-5.341
3.691 	-5.341
3.689 	-5.342
3.69 	-5.342
3.688 	-5.343
3.69 	-5.342
3.694 	-5.341
3.689 	-5.342
3.689 	-5.342
3.689 	-5.342
3.689 	-5.342
3.689 	-5.342
3.69 	-5.342
3.691 	-5.341
3.691 	-5.341
3.691 	-5.341
3.691 	-5.341
3.693 	-5.341
3.69 	-5.342
3.69 	-5.342
3.691 	-5.341
3.689 	-5.342
3.69 	-5.342
3.689 	-5.342
3.689 	-5.342
3.69 	-5.342
3.689 	-5.342
3.69 	-5.342
3.689 	-5.342
3.69 	-5.342
3.689 	-5.342
3.689 	-5.342
3.69 	-5.342
3.691 	-5.341
3.689 	-5.342
3.696 	-5.34
3.689 	-5.342
3.69 	-5.342
3.689 	-5.342
3.69 	-5.342
3.688 	-5.343
3.69 	-5.342
3.689 	-5.342
3.689 	-5.342
3.69 	-5.342
3.69 	-5.342
3.689 	-5.342
3.689 	-5.342
3.689 	-5.342
3.691 	-5.341
3.69 	-5.342
3.689 	-5.342
3.689 	-5.342
3.689 	-5.342
3.69 	-5.342
3.69 	-5.342
3.689 	-5.342
3.691 	-5.341
3.689 	-5.342
3.689 	-5.342
3.689 	-5.342
3.689 	-5.342
3.689 	-5.342
3.689 	-5.342
3.691 	-5.341
3.69 	-5.342
3.69 	-5.342
3.69 	-5.342
3.69 	-5.342
3.689 	-5.342
3.696 	-5.34
3.689 	-5.342
3.689 	-5.342
3.689 	-5.342
3.69 	-5.342
3.69 	-5.342
3.689 	-5.342
3.695 	-5.34
3.69 	-5.342
3.69 	-5.342
3.689 	-5.342
3.69 	-5.342
3.689 	-5.342
3.69 	-5.342
3.689 	-5.342
3.689 	-5.342
3.689 	-5.342
3.689 	-5.342
3.689 	-5.342
3.689 	-5.342
3.69 	-5.342
3.689 	-5.342
3.689 	-5.342
3.689 	-5.342
3.689 	-5.342
3.689 	-5.342
3.689 	-5.342
3.689 	-5.342
3.689 	-5.342
3.692 	-5.341
3.689 	-5.342
3.69 	-5.342
3.689 	-5.342
3.689 	-5.342
3.69 	-5.342
3.689 	-5.342
3.689 	-5.342
3.689 	-5.342
3.69 	-5.342
3.69 	-5.342
3.689 	-5.342
3.689 	-5.342
3.69 	-5.342
3.689 	-5.342
3.696 	-5.34
3.69 	-5.342
3.689 	-5.342
3.69 	-5.342
3.694 	-5.341
3.689 	-5.342
3.689 	-5.342
3.69 	-5.342
3.689 	-5.342
3.692 	-5.341
3.689 	-5.342
3.689 	-5.342
3.69 	-5.342
3.689 	-5.342
3.69 	-5.342
3.689 	-5.342
3.69 	-5.342
-0.823 	6.258
-0.742 	6.323
0.883 	3.629
0.453 	3.682
0.923 	3.769
0.964 	3.755
0.98 	3.732
0.96 	3.627
1.04 	3.489
0.815 	3.572
1.002 	3.553
0.939 	3.571
0.916 	3.576
0.81 	3.597
0.897 	3.638
0.905 	3.609
0.902 	3.652
0.93 	3.598
0.498 	3.756
2.187 	1.505
0.507 	3.902
-2.496 	-1.514
-1.566 	0.203
-2.524 	-1.311
-2.528 	-1.422
-2.511 	-1.614
-2.517 	-1.648
-2.512 	-1.525
-2.525 	-1.441
-2.525 	-1.378
-2.468 	-1.656
-2.518 	-1.559
0.309 	3.905
2.62 	-0.933
2.629 	-0.933
2.656 	-0.966
2.62 	-0.833
1.995 	-0.907
-2.896 	-4.89
-2.845 	-5.58
1.556 	0.183
2.955 	-4.595
2.94 	-4.676
2.96 	-4.589
2.943 	-4.553
2.915 	-4.486
2.914 	-4.39
2.906 	-4.314
2.889 	-4.24
2.901 	-4.161
2.887 	-4.093
2.89 	-3.989
2.895 	-3.919
2.874 	-3.853
1.801 	1.012
-2.338 	-0.401
-2.313 	-0.47
-2.477 	1.039
-2.5 	1.184
-2.48 	1.046
-2.489 	1.105
-2.492 	1.174
-2.525 	1.235
-2.503 	1.294
-2.517 	1.353
-2.094 	1.63
-1.864 	1.504
-2.475 	1.299
-2.484 	1.39
-2.497 	1.291
-2.468 	1.169
-2.462 	1.082
-2.473 	1.013
-2.451 	0.946
-2.454 	0.888
-2.431 	0.841
-2.389 	0.487
-2.383 	0.375
-2.38 	0.306
-2.367 	0.238
-2.322 	-0.174
-2.347 	-0.114
-2.344 	-0.212
-2.332 	-0.312
-2.078 	0.683
-1.405 	6.031
-1.556 	5.685
-1.199 	6.057
-1.408 	6.085
-1.487 	6.067
-1.556 	6.045
-1.61 	6.023
-2.631 	5.55
-2.548 	5.616
-2.499 	5.666
-2.267 	5.794
-2.237 	5.839
-2.427 	5.849
-2.397 	5.781
-2.457 	5.759
-2.219 	5.706
-2.447 	5.803
-2.427 	5.772
-2.457 	5.757
-2.919 	5.411
-3.018 	5.376
-2.966 	5.411
-3.067 	5.356
-3.218 	5.178
-3.195 	5.166
-3.29 	5.238
-3.197 	5.15
-3.197 	5.149
-3.198 	5.14
-3.199 	5.133
-3.2 	5.127
-3.2 	5.12
-3.201 	5.11
-3.202 	5.1
-3.202 	5.09
-3.202 	5.084
-3.202 	5.07
-3.2 	5.056
-3.197 	5.042
-3.197 	5.042
-3.195 	5.031
-3.194 	5.028
-3.193 	5.024
-3.192 	5.021
-3.191 	5.016
-3.19 	5.012
-3.188 	5.007
-3.187 	5.003
-3.186 	4.998
-3.183 	4.988
-3.182 	4.984
-3.181 	4.981
-3.18 	4.977
-3.179 	4.974
-3.177 	4.969
-3.176 	4.966
-3.175 	4.962
-3.174 	4.959
-3.173 	4.954
-3.172 	4.95
-3.171 	4.947
-3.169 	4.942
-3.168 	4.939
-3.167 	4.935
-3.166 	4.932
-3.165 	4.928
-3.075 	4.818
-3.162 	4.92
-3.161 	4.917
-3.16 	4.912
-3.159 	4.909
-3.158 	4.905
-3.156 	4.901
-3.155 	4.896
-3.154 	4.893
-3.153 	4.89
-3.152 	4.885
-3.15 	4.881
-3.149 	4.878
-3.148 	4.874
-3.147 	4.872
-3.146 	4.868
-3.145 	4.864
-3.143 	4.859
-3.142 	4.855
-3.141 	4.852
-3.14 	4.847
-3.139 	4.843
-3.138 	4.841
-3.136 	4.836
-3.135 	4.833
-3.134 	4.829
-3.133 	4.825
-3.132 	4.822
-3.131 	4.819
-3.13 	4.815
-3.129 	4.811
-3.128 	4.808
-3.126 	4.803
-3.125 	4.799
-3.124 	4.796
-3.123 	4.792
-3.122 	4.788
-3.121 	4.786
-3.119 	4.781
-3.118 	4.778
-3.117 	4.774
-3.116 	4.771
-3.115 	4.767
-3.114 	4.764
-3.113 	4.761
-3.111 	4.756
-3.11 	4.753
-3.109 	4.749
-3.108 	4.745
-3.107 	4.743
-3.106 	4.739
-3.105 	4.735
-3.102 	4.726
-3.101 	4.724
-3.1 	4.72
-3.099 	4.717
-3.098 	4.713
-3.097 	4.71
-3.095 	4.706
-3.094 	4.702
-3.093 	4.699
-3.092 	4.696
-3.09 	4.691
-3.089 	4.688
-3.088 	4.685
-3.086 	4.68
-3.085 	4.677
-3.084 	4.674
-3.083 	4.67
-3.082 	4.666
-3.081 	4.663
-3.08 	4.66
-3.078 	4.656
-3.077 	4.653
-3.076 	4.65
-3.075 	4.645
-3.074 	4.642
-3.073 	4.639
-3.071 	4.634
-3.07 	4.631
-3.069 	4.628
-3.068 	4.624
-3.066 	4.621
-3.065 	4.617
-3.064 	4.614
-3.063 	4.61
-3.062 	4.606
-3.061 	4.603
-3.059 	4.599
-3.058 	4.596
-3.057 	4.592
-3.055 	4.588
-3.054 	4.585
-3.053 	4.581
-3.052 	4.578
-3.051 	4.574
-3.05 	4.571
-3.049 	4.568
-3.047 	4.563
-3.046 	4.56
-3.045 	4.557
-3.043 	4.552
-3.043 	4.55
-3.041 	4.546
-3.04 	4.543
-3.039 	4.539
-3.038 	4.535
-3.037 	4.532
-3.035 	4.528
-3.034 	4.525
-3.033 	4.522
-3.032 	4.518
-3.031 	4.514
-3.029 	4.511
-3.028 	4.507
-3.027 	4.503
-3.026 	4.499
-3.025 	4.497
-3.023 	4.493
-3.022 	4.489
-3.021 	4.485
-3.02 	4.482
-3.018 	4.478
-3.017 	4.475
-3.016 	4.472
-3.015 	4.467
-3.014 	4.464
-3.013 	4.461
-3.011 	4.456
-3.01 	4.453
-3.009 	4.45
-3.008 	4.447
-3.007 	4.443
-3.005 	4.44
-3.004 	4.437
-3.003 	4.432
-3.002 	4.429
-3.001 	4.425
-2.999 	4.421
-2.998 	4.418
-2.997 	4.414
-2.996 	4.411
-2.994 	4.407
-2.993 	4.403
-2.992 	4.4
-2.991 	4.396
-2.99 	4.393
-2.989 	4.39
-2.988 	4.387
-2.986 	4.382
-2.985 	4.379
-2.984 	4.375
-2.982 	4.371
-2.981 	4.368
-2.98 	4.365
-2.979 	4.36
-2.978 	4.357
-2.977 	4.354
-2.975 	4.35
-2.974 	4.346
-2.973 	4.343
-2.972 	4.34
-2.971 	4.336
-2.971 	4.333
-2.969 	4.331
-2.967 	4.325
-2.966 	4.322
-2.965 	4.319
-2.963 	4.314
-2.962 	4.311
-2.961 	4.307
-2.96 	4.304
-2.958 	4.3
-2.957 	4.297
-2.956 	4.294
-2.955 	4.289
-2.954 	4.286
-2.953 	4.283
-2.951 	4.279
-2.95 	4.275
-2.949 	4.272
-2.948 	4.269
-2.946 	4.264
-2.945 	4.261
-2.944 	4.258
-2.943 	4.253
-2.942 	4.251
-2.941 	4.247
-2.939 	4.244
-2.938 	4.239
-2.937 	4.236
-2.936 	4.233
-2.935 	4.23
-2.934 	4.227
-2.933 	4.223
-2.931 	4.218
-2.929 	4.214
-2.929 	4.212
-2.927 	4.207
-2.926 	4.204
-2.925 	4.2
-2.923 	4.196
-2.922 	4.193
-2.921 	4.19
-2.92 	4.186
-2.918 	4.182
-2.917 	4.179
-2.916 	4.176
-2.915 	4.172
-2.914 	4.168
-2.913 	4.165
-2.911 	4.16
-2.91 	4.158
-2.909 	4.154
-2.908 	4.151
-2.906 	4.146
-2.905 	4.144
-2.904 	4.141
-2.903 	4.136
-2.902 	4.133
-2.901 	4.13
-2.899 	4.126
-2.898 	4.123
-2.897 	4.119
-2.896 	4.116
-2.894 	4.111
-2.893 	4.108
-2.892 	4.105
-2.891 	4.101
-2.89 	4.097
-2.888 	4.094
-2.887 	4.09
-2.886 	4.086
-2.885 	4.083
-2.883 	4.079
-2.882 	4.075
-2.881 	4.073
-2.88 	4.07
-2.879 	4.065
-2.878 	4.062
-2.877 	4.059
-2.875 	4.055
-2.874 	4.052
-2.873 	4.048
-2.872 	4.044
-2.87 	4.04
-2.869 	4.038
-2.868 	4.034
-2.867 	4.03
-2.866 	4.027
-2.865 	4.023
-2.863 	4.019
-2.862 	4.016
-2.861 	4.013
-2.859 	4.008
-2.858 	4.005
-2.857 	4.002
-2.856 	3.997
-2.855 	3.994
-2.854 	3.991
-2.852 	3.986
-2.851 	3.983
-2.85 	3.98
-2.849 	3.977
-2.847 	3.973
-2.846 	3.969
-2.845 	3.966
-2.844 	3.962
-2.843 	3.959
-2.842 	3.956
-2.84 	3.952
-2.839 	3.948
-2.838 	3.945
-2.837 	3.941
-2.835 	3.937
-2.834 	3.934
-2.833 	3.93
-2.832 	3.927
-2.831 	3.923
-2.829 	3.919
-2.828 	3.915
-2.827 	3.912
-2.826 	3.909
-2.824 	3.905
-2.823 	3.901
-2.822 	3.898
-2.821 	3.894
-2.819 	3.891
-2.818 	3.887
-2.817 	3.884
-2.816 	3.879
-2.815 	3.877
-2.814 	3.873
-2.812 	3.869
-2.811 	3.866
-2.81 	3.863
-2.809 	3.859
-2.808 	3.856
-2.807 	3.853
-2.806 	3.851
-2.804 	3.845
-2.803 	3.841
-2.802 	3.838
-2.8 	3.834
-2.799 	3.831
-2.798 	3.827
-2.796 	3.822
-2.795 	3.819
-2.794 	3.816
-2.792 	3.811
-2.791 	3.808
-2.79 	3.805
-2.789 	3.802
-2.788 	3.798
-2.786 	3.794
-2.785 	3.791
-2.784 	3.787
-2.783 	3.783
-2.782 	3.78
-2.781 	3.777
-2.779 	3.772
-2.778 	3.769
-2.777 	3.767
-2.776 	3.763
-2.774 	3.759
-2.773 	3.756
-2.772 	3.752
-2.771 	3.749
-2.77 	3.746
-2.769 	3.743
-2.767 	3.739
-2.766 	3.735
-2.765 	3.731
-2.763 	3.727
-2.762 	3.723
-2.761 	3.72
-2.759 	3.716
1.763 	3.499
2.944 	-2.586
2.919 	-2.583
2.869 	-2.437
2.92 	-2.482
2.885 	-2.405
2.882 	-2.347
2.857 	-2.302
2.825 	-2.223
2.798 	-2.175
2.779 	-2.016
2.75 	-2.026
2.769 	-1.927
2.75 	-1.86
2.648 	-1.644
2.652 	-1.738
2.644 	-1.634
2.703 	-1.694
2.681 	-1.609
2.675 	-1.556
2.669 	-1.529
2.646 	-1.479
2.637 	-1.467
2.662 	-1.378
2.542 	-1.02
2.103 	0.671
2.346 	-0.704
2.332 	-0.612
2.794 	-2.071
2.815 	-2.152
2.723 	-1.79
2.702 	-1.743
2.679 	-1.691
2.66 	-1.628
2.64 	-1.556
2.597 	-1.514
2.554 	-1.066
2.574 	-1.154
0.88 	-1.713
2.522 	-0.945
2.524 	-0.865
2.49 	-0.792
2.494 	-0.73
2.463 	-0.688
2.144 	0.591
2.658 	-1.499
2.764 	-2.116
2.785 	-1.979
2.804 	-2.049
0.557 	-7.388
0.46 	-7.396
0.605 	-7.38
0.523 	-7.402
0.473 	-7.418
0.413 	-7.424
0.139 	-7.087
0.591 	-7.252
0.239 	-7.404
0.305 	-7.419
0.241 	-6.895
0.307 	-7.456
0.112 	-7.454
-0.5 	-7.395
-0.441 	-7.406
-0.571 	-7.388
-0.459 	-7.433
-0.518 	-6.989
-0.357 	-7.398
-0.672 	-7.419
-0.691 	-7.441
-0.586 	-7.475
-0.553 	-7.477
-0.786 	-7.478
-0.829 	-7.44
-0.745 	-7.454
-0.732 	-7.465
-0.809 	-7.456
-0.899 	-7.471
-0.967 	-7.451
-0.93 	-7.524
-0.891 	-7.53
-1.071 	-7.562
-1.158 	-7.55
-1.211 	-7.539
0.892 	3.725
0.872 	3.769
0.607 	3.922
0.843 	3.74
0.89 	3.673
0.869 	3.724
0.869 	3.794
0.931 	3.77
0.486 	3.872
0.49 	3.915
0.891 	3.773
0.871 	3.737
0.869 	3.742
0.833 	3.793
0.832 	3.88
0.887 	3.82
0.907 	3.844
0.892 	3.798
0.928 	3.756
0.927 	3.763
0.89 	3.817
0.868 	3.791
0.866 	3.822
0.461 	3.886
0.531 	4.002
0.882 	3.823
2.305 	1.842
2.325 	2.137
2.308 	2.051
2.324 	1.649
2.324 	1.782
2.358 	2.262
2.277 	0.66
2.385 	2.347
2.28 	0.737
2.374 	2.476
2.33 	1.56
2.3 	0.797
2.328 	1.58
2.289 	0.903
2.317 	1.7
2.276 	0.623
2.268 	0.551
2.342 	2.172
2.311 	1.497
2.034 	2.936
2.292 	0.852
-2.514 	-3.278
-2.494 	-3.183
-1.793 	-2.138
-2.552 	-2.483
-2.561 	-2.398
-2.572 	-2.377
-2.582 	-2.521
-2.58 	-2.593
-2.566 	-2.649
-2.549 	-2.704
-2.548 	-2.784
-2.545 	-2.838
-2.488 	-3.303
-2.55 	-1.494
-2.525 	-1.571
-0.619 	6.319
-0.455 	6.317
-0.303 	6.303
-0.443 	6.32
-0.382 	6.318
-0.318 	6.311
-0.269 	6.303
-0.211 	6.315
-0.154 	6.32
-0.108 	6.303
0.377 	6.111
0.522 	5.999
0.461 	6.082
0.513 	6.003
0.583 	5.944
0.639 	5.906
0.666 	5.864
0.703 	5.812
0.753 	5.786
0.779 	5.744
-1.124 	3.017
1.138 	5.259
-1.925 	-4.354
-2.577 	-4.089
-2.558 	-4.016
-2.611 	-4.153
-2.609 	-4.109
-2.608 	-4.046
-2.592 	-4.005
-2.558 	-3.963
-2.581 	-4.095
-2.567 	-3.995
-2.544 	-3.859
-2.607 	-3.91
1.862 	-7.492
3.374 	-5.946
3.275 	-6.103
3.332 	-6.027
3.255 	-6.14
3.2 	-6.209
3.143 	-6.274
3.058 	-6.348
3.002 	-6.383
2.004 	-7.406
2.55 	-6.548
1.902 	-7.389
2.684 	-6.801
2.583 	-6.937
2.644 	-6.885
2.575 	-6.954
2.496 	-7.035
2.444 	-7.11
2.386 	-7.177
1.703 	-7.445
2.795 	-2.161
2.797 	-2.021
2.799 	-2.091
2.814 	-2.159
2.828 	-2.217
2.834 	-2.274
2.835 	-2.344
2.859 	-2.404
2.854 	-2.464
2.846 	-2.512
1.644 	-7.496
1.575 	-7.553
1.645 	-7.553
1.749 	-7.457
1.627 	-7.566
1.661 	-7.554
1.533 	-7.595
1.555 	-7.578
1.563 	-7.569
1.588 	-7.571
1.663 	-7.563
1.721 	-7.547
1.769 	-7.528
1.813 	-7.507
2.931 	-3.018
2.951 	-3.105
2.969 	-3.204
2.979 	-3.288
2.022 	-7.389
1.986 	-7.365
2.099 	-7.347
2.218 	-7.332
2.314 	-7.298
1.967 	-7.442
1.918 	-7.454
1.772 	-7.427
0.011 	6.191
0.02 	6.206
-0.075 	6.187
-0.173 	6.215
-0.036 	6.229
-0.089 	6.232
-0.342 	5.924
-0.259 	6.246
-0.315 	6.259
-0.323 	6.261
-0.336 	6.253
-0.35 	6.251
-0.359 	6.242
-0.367 	6.242
-0.38 	6.259
-0.375 	6.242
-0.419 	6.24
-1.797 	3.64
-1.723 	3.895
-2.413 	-0.08
-2.407 	-0.176
-2.403 	-0.262
-2.385 	-0.406
-1.496 	1.169
-2.499 	1.23
-2.479 	1.081
-2.5 	1.006
-2.498 	0.923
-2.492 	0.894
-2.496 	0.886
-2.493 	0.877
-2.492 	0.869
-2.49 	0.869
-2.495 	0.862
-2.489 	0.848
-2.467 	0.687
-2.414 	0.556
-1.248 	-7.56
-1.291 	-7.529
-1.338 	-7.499
-1.387 	-7.492
1.425 	2.577
1.425 	2.577
1.425 	2.577
1.425 	2.577
1.425 	2.577
1.425 	2.577
1.425 	2.577
1.425 	2.577
1.425 	2.577
1.425 	2.577
1.425 	2.577
1.425 	2.577
1.425 	2.577
1.425 	2.577
1.425 	2.577
1.425 	2.577
1.425 	2.577
1.425 	2.577
1.425 	2.577
1.425 	2.577
1.425 	2.577
1.425 	2.577
1.425 	2.577
1.425 	2.577
1.425 	2.577
1.425 	2.577
1.425 	2.577
1.425 	2.577
1.425 	2.577
1.425 	2.577
1.425 	2.577
1.425 	2.577
1.425 	2.577
1.425 	2.577
1.425 	2.577
1.425 	2.577
1.425 	2.577
1.425 	2.577
1.425 	2.577
1.425 	2.577
1.425 	2.577
1.425 	2.577
1.425 	2.577
1.425 	2.577
1.425 	2.577
-2.48 	-2.997
-2.49 	-3.132
-0.601 	2.864
2.713 	-1.845
2.72 	-1.791
2.707 	-1.74
2.712 	-1.689
2.686 	-1.622
2.703 	-1.544
2.691 	-1.477
2.679 	-1.403
2.769 	-2.708
2.77 	-2.628
2.756 	-2.534
2.736 	-2.413
2.718 	-2.363
2.715 	-2.11
2.734 	-2.155
2.732 	-2.231
2.736 	-2.113
2.73 	-2.025
2.718 	-1.941
-0.54 	3.522
-0.562 	3.379
-0.626 	4.852
0.523 	4.54
-2.705 	4.735
-2.707 	4.598
-2.709 	4.683
-2.732 	4.784
-2.735 	4.877
-2.733 	4.942
-2.721 	4.995
-2.73 	5.077
-2.741 	5.136
-2.705 	5.164
-2.518 	0.832
-2.542 	0.164
-2.518 	0.247
-2.536 	0.141
-2.566 	0.058
-2.571 	-0.03
0.461 	2.678
0.84 	2.89
0.482 	2.997
0.815 	3.278
0.771 	3.421
0.734 	3.503
0.679 	3.587
0.094 	3.354
0.113 	3.481
0.091 	3.556
0.245 	3.269
0.331 	3.706
0.634 	3.683
0.674 	3.59
0.542 	3.796
0.648 	3.683
0.495 	3.845
0.183 	3.358
0.156 	3.849
0.217 	3.877
0.561 	3.793
0.575 	3.765
0.569 	3.795
0.575 	3.779
0.566 	3.806
0.546 	3.828
0.585 	3.776
0.565 	3.806
0.496 	3.884
0.587 	3.772
0.476 	3.88
0.525 	3.836
0.615 	3.62
0.603 	3.732
0.047 	3.69
0.662 	3.694
0.686 	3.664
0.642 	3.757
0.621 	3.784
0.683 	3.718
0.517 	3.86
0.074 	3.644
0.456 	3.813
0.137 	3.816
0.168 	3.729
0.212 	3.871
0.161 	3.858
0.608 	3.763
0.568 	3.819
0.541 	3.834
0.546 	3.823
0.626 	3.804
0.402 	3.92
0.175 	3.886
0.587 	3.789
0.613 	3.78
0.5 	3.934
0.162 	3.895
0.292 	3.97
0.162 	3.899
0.498 	3.907
0.433 	3.91
0.443 	3.904
0.434 	3.908
0.586 	3.667
0.257 	3.964
0.093 	3.788
0.523 	3.829
0.491 	3.891
0.353 	3.949
0.35 	3.97
0.392 	4.019
0.254 	3.964
0.043 	3.712
0.519 	3.811
0.407 	3.938
0.42 	3.939
2.246 	1.632
2.232 	1.719
2.319 	0.843
2.349 	0.807
2.329 	0.945
2.312 	1.031
2.303 	1.119
2.281 	1.168
2.252 	1.404
2.257 	1.506
2.855 	-2.351
2.848 	-2.339
2.828 	-2.3
2.821 	-2.214
2.795 	-2.142
2.773 	-2.082
2.825 	-2.159
0.792 	6.195
0.828 	6.151
0.706 	6.31
0.053 	6.393
0.17 	6.383
0.28 	6.39
0.356 	6.39
0.262 	6.389
0.364 	6.397
0.646 	6.394
0.715 	6.304
0.743 	6.227
0.77 	6.236
0.767 	6.235
0.776 	6.211
0.781 	6.213
0.778 	6.212
0.783 	6.198
0.786 	6.191
0.686 	6.326
0.716 	6.293
0.517 	6.325
0.413 	6.356
0.719 	6.269
0.775 	6.211
0.825 	6.167
0.871 	6.132
0.946 	6.094
1.011 	6.057
1.042 	5.931
1.042 	5.997
1.15 	5.945
1.095 	5.784
-1.592 	6.023
-1.699 	6.041
-1.378 	6.056
-1.49 	6.11
-1.415 	6.142
-1.341 	6.143
-1.249 	6.122
-1.159 	6.2
-1.103 	6.244
-1.057 	6.285
-1.092 	6.383
-1.121 	6.304
-1.249 	6.273
-1.406 	6.136
-0.937 	6.101
-1.398 	6.193
-1.413 	6.098
-1.405 	6.084
-1.425 	6.05
-1.428 	6.052
-1.305 	6.274
-1.442 	6.22
-1.258 	6.263
-1.38 	6.226
-2.008 	5.432
-2.032 	5.474
-2.07 	5.204
-2.059 	5.316
-2.065 	5.232
-2.074 	5.151
-2.067 	5.097
-2.084 	5.047
-2.071 	4.999
-1.965 	5.116
-2.089 	4.889
-2.093 	4.789
-2.121 	4.782
-2.132 	4.689
-2.127 	4.611
-2.124 	4.541
-2.109 	4.49
-2.098 	4.44
-2.081 	4.394
-2.084 	4.319
-2.059 	4.269
-2.049 	4.231
-1.945 	4.376
-1.892 	4.874
-1.899 	4.974
-1.882 	5.1
-1.874 	5.158
-1.267 	6.098
-1.171 	6.133
-1.094 	6.162
-1.179 	6.166
-1.092 	6.199
-1.021 	6.22
-0.952 	6.261
-0.903 	6.265
-0.796 	6.21
-0.765 	6.195
-0.681 	6.225
-0.64 	6.21
-0.593 	6.213
-0.426 	6.154
-0.606 	6.231
-0.56 	6.24
-0.661 	6.262
-0.707 	6.264
-0.71 	6.256
-0.558 	6.242
-0.567 	6.221
-0.55 	6.248
-0.566 	6.221
-0.601 	6.242
-0.609 	6.242
-0.619 	6.22
-0.643 	6.221
-0.647 	6.249
-0.894 	6.121
-0.665 	6.26
1.969 	3.854
2.038 	3.752
1.988 	3.838
1.975 	3.885
1.968 	3.906
1.941 	3.911
1.941 	3.922
1.934 	3.93
1.935 	3.939
1.934 	3.941
1.904 	4.044
1.862 	4.077
1.835 	4.137
1.791 	4.199
-2.453 	0.866
-2.445 	0.984
-2.428 	1.062
-2.435 	0.936
-2.435 	0.999
-2.43 	1.043
-2.427 	1.094
-2.41 	1.156
-2.427 	1.215
-2.407 	1.332
-2.381 	1.389
-2.372 	1.443
-1.758 	1.39
-2.293 	2.184
-2.282 	2.313
-2.255 	2.425
-2.264 	2.533
-2.28 	2.419
-2.278 	2.477
-2.28 	2.479
-2.28 	2.49
-2.287 	2.495
-2.276 	2.513
-2.2 	2.694
-2.187 	2.702
-2.158 	2.735
-2.16 	2.734
-2.249 	2.575
-2.256 	2.65
-2.261 	2.475
-2.25 	2.675
-2.232 	2.791
-2.191 	2.915
-2.13 	3.04
-2.231 	2.953
-2.019 	3.094
-2.195 	3.037
-2.202 	3.019
-2.223 	3.05
-2.219 	3.07
-2.227 	3.096
-2.221 	3.154
-2.23 	3.179
-2.22 	3.191
-2.224 	3.202
-2.23 	3.23
-2.262 	3.271
-2.233 	3.117
-2.156 	2.645
-2.146 	2.619
-2.144 	2.604
-2.164 	2.587
-2.145 	2.551
-2.151 	2.512
-2.147 	2.464
-2.154 	2.403
-2.134 	2.33
-2.142 	2.269
-2.141 	2.21
-2.119 	2.137
-2.101 	1.981
-2.112 	2.186
-2.123 	2.059
-2.132 	2.133
-2.136 	2.22
-2.09 	2.476
-2.13 	2.324
-2.15 	2.374
-2.134 	2.45
-2.138 	2.505
-1.588 	3.118
-2.081 	3.089
-2.138 	2.986
-2.15 	2.874
-2.145 	2.795
-2.132 	2.746
-2.116 	2.689
-2.109 	2.603
-2.106 	2.353
-2.106 	2.406
-2.111 	2.262
-2.102 	2.172
-2.082 	2.089
-2.085 	2.027
-2.061 	1.948
-1.975 	1.435
-1.995 	1.546
-1.991 	1.927
-2.131 	2.196
-2.181 	2.724
-2.185 	2.82
-2.207 	2.949
-2.215 	3.03
-2.21 	2.92
-2.213 	2.94
-2.217 	2.941
-2.216 	2.954
-2.222 	2.954
-2.222 	2.987
-2.223 	3.006
-2.256 	3.108
-2.261 	3.172
-2.257 	3.252
-2.264 	3.383
-2.276 	3.328
-2.299 	3.428
-2.295 	3.52
-2.272 	4.187
-2.303 	4.03
-2.322 	3.859
-2.32 	3.963
-2.332 	3.917
-2.342 	3.839
-2.318 	3.81
-2.314 	3.807
-2.313 	3.793
-2.314 	3.792
-2.311 	3.774
-2.305 	3.772
-2.313 	3.767
-2.321 	3.724
-2.32 	3.725
-2.297 	3.592
-2.259 	3.385
-2.239 	3.498
-2.224 	3.469
-2.242 	3.461
-2.257 	3.221
-2.274 	3.336
-2.282 	3.32
-2.281 	3.304
-2.278 	3.306
-2.274 	3.299
-2.287 	3.264
-2.285 	3.241
-2.28 	3.226
-2.251 	3.151
-2.254 	3.095
-2.23 	3.006
0.768 	-7.376
0.951 	-7.321
0.844 	-7.38
0.92 	-7.355
0.988 	-7.349
1.038 	-7.341
1.096 	-7.33
1.152 	-7.333
1.219 	-7.309
1.636 	-7.104
1.769 	-7.008
1.814 	-6.944
1.911 	-6.895
1.971 	-6.852
1.95 	-6.953
1.988 	-6.924
2.019 	-6.906
2.043 	-6.876
1.979 	-6.919
2.006 	-6.873
2.088 	-6.864
2.178 	-6.808
2.337 	-6.764
2.482 	-6.578
2.365 	-6.661
2.474 	-6.649
2.513 	-6.683
3.214 	-7.519
3.296 	-7.619
3.268 	-7.585
3.268 	-7.585
3.268 	-7.585
3.268 	-7.585
3.268 	-7.585
3.268 	-7.585
3.268 	-7.585
3.268 	-7.585
3.268 	-7.585
3.268 	-7.585
3.268 	-7.585
3.268 	-7.585
3.268 	-7.585
3.268 	-7.585
3.268 	-7.585
3.268 	-7.585
3.268 	-7.585
3.268 	-7.585
3.268 	-7.585
3.268 	-7.585
3.268 	-7.585
3.268 	-7.585
3.268 	-7.585
3.268 	-7.585
3.268 	-7.585
3.268 	-7.585
3.268 	-7.585
3.268 	-7.585
3.268 	-7.585
3.268 	-7.585
3.268 	-7.585
3.268 	-7.585
3.268 	-7.585
3.268 	-7.585
3.268 	-7.585
3.268 	-7.585
3.268 	-7.585
3.268 	-7.585
3.268 	-7.585
3.268 	-7.585
3.268 	-7.585
3.268 	-7.585
3.268 	-7.585
3.268 	-7.585
3.268 	-7.585
3.268 	-7.585
3.268 	-7.585
3.268 	-7.585
3.268 	-7.585
3.268 	-7.585
3.268 	-7.585
3.268 	-7.585
3.268 	-7.585
3.268 	-7.585
3.268 	-7.585
3.268 	-7.585
3.268 	-7.585
3.268 	-7.585
3.268 	-7.585
3.268 	-7.585
3.268 	-7.585
3.268 	-7.585
3.268 	-7.585
3.268 	-7.585
3.268 	-7.585
3.268 	-7.585
3.268 	-7.585
3.268 	-7.585
3.268 	-7.585
3.268 	-7.585
3.268 	-7.585
3.268 	-7.585
3.268 	-7.585
3.268 	-7.585
3.268 	-7.585
3.268 	-7.585
3.268 	-7.585
3.268 	-7.585
3.268 	-7.585
3.268 	-7.585
3.268 	-7.585
3.268 	-7.585
3.268 	-7.585
3.268 	-7.585
3.268 	-7.585
3.268 	-7.585
3.268 	-7.585
3.268 	-7.585
3.268 	-7.585
3.268 	-7.585
3.268 	-7.585
3.268 	-7.585
3.268 	-7.585
3.268 	-7.585
3.268 	-7.585
3.268 	-7.585
3.268 	-7.585
3.268 	-7.585
3.268 	-7.585
3.268 	-7.585
3.268 	-7.585
3.268 	-7.585
3.268 	-7.585
3.268 	-7.585
3.268 	-7.585
3.268 	-7.585
3.268 	-7.585
3.268 	-7.585
3.268 	-7.585
3.268 	-7.585
3.268 	-7.585
3.268 	-7.585
3.268 	-7.585
3.268 	-7.585
3.268 	-7.585
3.268 	-7.585
3.268 	-7.585
3.268 	-7.585
3.268 	-7.585
3.268 	-7.585
3.268 	-7.585
3.268 	-7.585
3.268 	-7.585
3.268 	-7.585
3.268 	-7.585
3.268 	-7.585
3.268 	-7.585
3.268 	-7.585
3.268 	-7.585
3.268 	-7.585
3.268 	-7.585
3.268 	-7.585
3.268 	-7.585
3.268 	-7.585
3.268 	-7.585
3.268 	-7.585
3.268 	-7.585
3.268 	-7.585
3.268 	-7.585
3.268 	-7.585
3.268 	-7.585
3.268 	-7.585
3.268 	-7.585
3.268 	-7.585
3.268 	-7.585
3.268 	-7.585
3.268 	-7.585
3.268 	-7.585
3.268 	-7.585
3.268 	-7.585
3.268 	-7.585
3.268 	-7.585
3.268 	-7.585
3.268 	-7.585
3.268 	-7.585
3.268 	-7.585
3.268 	-7.585
2.279 	1.227
2.301 	1.34
2.31 	1.245
2.31 	1.16
2.257 	1.233
2.251 	1.232
2.242 	1.314
2.24 	1.344
2.244 	1.356
2.241 	1.368
2.238 	1.381
2.232 	1.387
2.241 	1.435
2.22 	1.519
2.194 	1.566
2.12 	1.979
2.097 	2.136
2.116 	2.042
2.083 	2.143
2.074 	2.27
2.042 	2.338
2.042 	2.4
2.016 	2.444
1.939 	2.753
1.953 	2.706
1.978 	2.671
1.965 	2.763
1.936 	2.844
1.93 	2.893
1.93 	2.9
1.929 	2.904
1.946 	2.931
1.944 	2.934
1.942 	2.941
1.925 	2.983
1.894 	3.064
1.9 	3.14
1.857 	3.18
2.062 	1.904
2.073 	1.813
2.089 	1.711
2.08 	1.88
2.085 	1.871
2.084 	1.861
2.085 	1.848
2.118 	1.838
2.119 	1.815
2.103 	1.723
2.114 	1.659
2.181 	1.472
2.188 	1.399
2.171 	1.478
2.155 	1.555
2.151 	1.615
2.133 	1.67
1.922 	2.503
1.873 	2.64
1.903 	2.543
1.893 	2.65
1.873 	2.764
1.849 	2.817
1.842 	2.879
1.822 	2.932
1.804 	3.009
1.733 	3.318
1.769 	3.217
1.733 	3.303
1.725 	3.382
1.689 	3.43
1.681 	3.442
1.689 	3.455
1.685 	3.463
1.683 	3.471
1.673 	3.483
1.633 	3.536
1.599 	3.581
1.569 	3.648
1.537 	3.705
1.493 	3.734
1.785 	2.851
1.795 	2.794
1.774 	2.925
1.766 	3.02
1.723 	3.364
1.743 	3.286
1.715 	3.392
1.692 	3.499
1.682 	3.578
1.676 	3.616
1.662 	3.659
1.644 	3.693
1.629 	3.711
1.626 	3.715
1.617 	3.724
1.584 	3.785
1.543 	3.814
1.734 	3.283
1.748 	3.191
1.747 	3.146
1.169 	3.08
1.24 	3.038
1.755 	2.184
1.733 	2.079
1.725 	2.003
1.74 	1.922
1.732 	1.83
1.749 	1.792
1.744 	1.787
1.744 	1.775
1.773 	1.919
1.767 	1.913
1.772 	1.912
1.764 	1.886
1.752 	1.815
1.751 	1.759
1.754 	1.703
1.736 	1.622
1.734 	1.572
1.248 	1.107
1.24 	1.094
-2.736 	-1.799
-2.74 	-1.914
-2.726 	-2.063
-2.727 	-2.079
-2.722 	-2.08
-2.728 	-2.083
-2.729 	-2.098
-2.735 	-2.123
-2.739 	-2.201
-2.738 	-2.276
-2.728 	-2.357
-2.713 	-2.235
-2.723 	-2.223
-2.737 	-2.351
-2.729 	-2.492
-2.708 	-2.595
-2.726 	-2.941
-2.74 	-2.846
-2.734 	-2.998
-2.747 	-3.083
-2.749 	-3.154
-2.752 	-3.228
-2.75 	-3.281
-2.732 	-3.33
-2.75 	-3.393
-2.737 	-3.47
-2.715 	-3.523
-2.715 	-3.881
-2.706 	-4.025
-2.723 	-4.141
-2.724 	-4.542
-2.736 	-4.452
-2.712 	-4.287
-2.693 	-4.204
-2.735 	-4.296
-2.687 	-4.201
-2.686 	-4.143
-2.671 	-4.095
-2.689 	-4.018
-2.662 	-3.98
-2.664 	-3.923
-2.654 	-3.846
-2.629 	-3.799
-2.604 	-3.754
-2.554 	-3.208
-2.531 	-3.095
-2.561 	-3.186
-2.549 	-3.102
-2.54 	-2.997
-2.518 	-2.944
-2.526 	-2.887
-2.493 	-2.824
-2.472 	-2.772
-2.455 	-2.723
-2.442 	-2.676
-2.406 	-2.722
-2.457 	-2.554
-2.442 	-2.444
-2.447 	-2.369
-2.464 	-2.453
-2.486 	-2.357
-2.478 	-2.298
-2.479 	-2.248
-2.473 	-2.198
-2.463 	-2.14
-2.452 	-2.092
-2.436 	-2.046
-2.422 	-1.995
-2.4 	-1.94
-2.37 	-1.902
-2.355 	-1.853
-2.334 	-1.81
-2.303 	-1.777
-2.303 	-1.686
-2.338 	-1.8
-2.341 	-1.776
-2.291 	-1.649
-2.271 	-1.519
-2.215 	-1.376
-2.253 	-1.383
-2.265 	-1.209
-2.259 	-1.109
-2.274 	-1.223
-2.258 	-1.112
-2.281 	-1.054
-2.267 	-1.009
-2.257 	-0.959
-2.256 	-0.905
-2.25 	-0.844
-2.257 	-0.788
-2.241 	-0.739
-2.236 	-0.682
-2.232 	-0.614
-2.209 	-0.558
-1.707 	-0.407
-2.227 	-0.593
-2.201 	-0.28
-2.144 	-1.18
-2.126 	-1.316
-2.125 	-1.402
-2.111 	-1.464
-2.092 	-1.509
-2.068 	-1.585
-2.06 	-1.643
-2.033 	-1.694
-2.006 	-2.077
-1.985 	-2.161
-1.887 	-2.719
-1.914 	-2.637
-1.916 	-2.729
-1.888 	-2.825
-1.878 	-2.881
-1.857 	-2.95
-1.865 	-3.007
-1.85 	-3.058
-1.812 	-3.126
-1.801 	-3.183
-1.783 	-3.24
-1.679 	-3.504
-1.713 	-3.449
-1.706 	-3.397
-1.738 	-3.319
-1.705 	-3.272
-1.707 	-3.218
-1.695 	-3.161
-1.726 	-2.982
-1.923 	-2.791
-1.845 	-2.839
-1.857 	-2.817
-1.857 	-2.819
-1.843 	-2.8
-1.89 	-2.758
-1.847 	-2.904
-1.93 	-2.68
-1.948 	-2.517
-1.926 	-2.584
-1.928 	-2.489
-1.973 	-2.403
-1.891 	-2.357
-1.869 	-2.248
-1.863 	-2.268
-1.867 	-2.241
-1.876 	-2.119
-1.885 	-2.008
-1.888 	-1.908
-1.892 	-1.777
-1.906 	-1.793
-1.627 	-1.662
-1.868 	-1.605
-1.986 	-1.329
-2.002 	-1.362
-2.018 	-1.263
-2.021 	-1.176
-2.011 	-1.09
-2.033 	-0.999
-1.998 	-0.887
-2.06 	-0.86
-2.072 	-0.763
-2.072 	-0.868
-2.029 	-0.955
-2.03 	-1.038
-2.025 	-1.093
-2.011 	-1.146
-2.0 	-1.193
-1.974 	-1.257
-1.981 	-1.322
-1.946 	-1.38
-1.934 	-1.445
-1.911 	-1.501
2.748 	-1.024
2.765 	-1.051
2.766 	-1.071
2.767 	-1.07
2.788 	-1.094
2.802 	-1.137
2.76 	-0.965
2.764 	-1.002
2.777 	-1.101
2.8 	-1.157
2.824 	-1.21
2.805 	-1.28
2.815 	-1.34
2.471 	-1.948
2.893 	-1.673
2.9 	-1.725
2.873 	-1.606
2.849 	-1.51
2.801 	-1.253
2.813 	-1.337
2.808 	-1.215
2.775 	-1.09
2.741 	-1.006
2.72 	-0.937
2.725 	-0.873
2.694 	-0.811
2.69 	-0.753
2.674 	-0.688
2.624 	-0.624
2.621 	-0.509
2.584 	-0.372
2.529 	-0.207
2.526 	-0.38
2.546 	-0.277
2.581 	-0.371
2.565 	-0.501
2.661 	-0.857
2.694 	-0.954
2.678 	-0.85
2.649 	-0.756
2.614 	-0.635
2.584 	-0.556
2.559 	-0.503
2.73 	-1.284
2.75 	-1.402
2.773 	-1.521
2.788 	-1.605
2.779 	-1.502
2.799 	-1.557
2.706 	-1.492
2.72 	-1.526
2.683 	-1.39
2.682 	-1.305
2.726 	-1.374
2.687 	-1.254
2.679 	-1.218
2.677 	-1.212
2.676 	-1.209
2.675 	-1.203
2.675 	-1.204
2.675 	-1.203
2.667 	-1.178
2.626 	-1.102
2.618 	-0.935
2.642 	-1.108
2.635 	-1.079
2.59 	-0.947
2.552 	-0.793
2.509 	-0.683
2.433 	-0.434
2.398 	-0.34
2.327 	-0.167
2.334 	0.021
2.389 	-0.078
2.362 	0.025
2.315 	0.106
2.296 	0.182
2.295 	0.184
2.294 	0.192
2.291 	0.202
2.272 	0.264
2.267 	0.311
2.275 	0.328
2.303 	0.356
2.316 	0.407
2.321 	0.41
2.281 	0.287
2.301 	0.186
2.261 	0.38
2.224 	0.509
2.227 	0.648
2.378 	-0.418
2.391 	-0.518
2.4 	-0.626
2.399 	-0.519
2.413 	-0.582
2.425 	-0.649
2.425 	-0.697
2.427 	-0.745
2.449 	-0.794
2.442 	-0.844
2.46 	-0.927
2.445 	-0.975
2.459 	-1.026
2.566 	-1.484
2.492 	-1.303
2.548 	-1.377
2.516 	-1.314
2.488 	-1.263
2.48 	-1.198
-2.89 	-3.823
-2.37 	-5.441
-2.847 	-6.904
-2.803 	-6.999
-2.757 	-7.022
-2.714 	-7.043
-2.667 	-7.08
-2.642 	-7.092
-2.638 	-7.091
-2.563 	-7.14
-2.507 	-7.174
-2.18 	-7.392
-2.353 	-7.306
-2.242 	-7.366
-2.307 	-7.349
-2.049 	-7.386
-2.223 	-7.38
-2.209 	-7.385
-2.18 	-7.388
-2.105 	-7.401
-2.046 	-7.405
-1.967 	-7.424
-1.915 	-7.412
-1.611 	-7.443
-1.459 	-7.457
-1.523 	-7.477
-1.408 	-7.506
-1.326 	-7.514
-1.262 	-7.519
-1.187 	-7.515
-1.136 	-7.535
-1.075 	-7.547
-1.004 	-7.524
-0.606 	-7.635
-0.489 	-7.605
-0.58 	-7.628
-0.462 	-7.656
-0.376 	-7.673
-0.315 	-7.652
-0.249 	-7.648
-0.199 	-7.67
-0.124 	-7.647
-0.069 	-7.631
-0.011 	-7.636
0.061 	-7.631
0.055 	-7.65
0.187 	-7.628
0.129 	-7.663
0.225 	-7.638
0.332 	-7.618
0.403 	-7.636
0.47 	-7.637
0.536 	-7.616
0.846 	-7.609
0.734 	-7.614
0.837 	-7.636
0.727 	-7.655
0.646 	-7.636
0.728 	-7.646
0.463 	-7.691
0.402 	-7.657
0.371 	-7.669
0.348 	-7.662
0.319 	-7.643
-0.563 	-7.531
-0.692 	-7.485
-0.49 	-7.574
-0.695 	-7.54
-0.799 	-7.499
-1.635 	-7.368
-1.716 	-7.366
-1.606 	-7.384
-1.707 	-7.391
-1.763 	-7.366
-1.719 	-7.385
-1.857 	-6.997
-1.805 	-7.348
-1.88 	-7.344
-1.925 	-7.347
-1.963 	-7.336
-2.184 	-7.274
-2.221 	-7.255
-2.276 	-7.218
-2.163 	-7.285
-2.175 	-7.28
-2.184 	-7.276
-2.198 	-7.273
-2.199 	-7.271
-2.205 	-7.266
-2.217 	-7.256
-2.294 	-7.211
-2.348 	-7.188
-2.374 	-7.144
-2.429 	-7.088
-2.411 	-7.107
-2.504 	-7.036
-2.458 	-7.089
-2.553 	-6.996
-2.637 	-6.926
-2.861 	-6.056
-2.848 	-5.943
-2.851 	-5.818
-2.879 	-5.932
-2.864 	-5.854
-2.873 	-5.773
-2.852 	-5.723
-2.845 	-5.676
-2.864 	-5.616
-2.855 	-5.567
-2.863 	-5.51
-2.863 	-5.44
-2.852 	-5.396
-2.85 	-5.337
-2.805 	-5.674
-2.82 	-5.504
-2.807 	-5.475
-2.822 	-5.409
-2.848 	-5.34
-2.853 	-5.499
-2.859 	-5.436
-2.886 	-5.38
-2.885 	-5.32
-2.854 	-5.276
-2.863 	-5.219
-2.846 	-5.148
-2.855 	-5.089
-2.796 	-5.429
-2.786 	-5.557
-2.769 	-5.608
-2.753 	-5.672
3.088 	-6.141
3.088 	-6.141
3.088 	-6.141
3.088 	-6.141
3.088 	-6.141
3.088 	-6.141
3.088 	-6.141
3.088 	-6.141
3.088 	-6.141
3.088 	-6.141
3.088 	-6.141
3.088 	-6.141
3.088 	-6.141
3.088 	-6.141
3.088 	-6.141
3.088 	-6.141
3.088 	-6.141
3.088 	-6.141
3.088 	-6.141
3.088 	-6.141
3.088 	-6.141
3.088 	-6.141
3.088 	-6.141
3.088 	-6.141
3.088 	-6.141
3.088 	-6.141
3.088 	-6.141
3.088 	-6.141
3.088 	-6.141
3.088 	-6.141
3.088 	-6.141
3.088 	-6.141
3.088 	-6.141
3.088 	-6.141
3.088 	-6.141
3.088 	-6.141
3.088 	-6.141
3.088 	-6.141
3.088 	-6.141
3.088 	-6.141
3.088 	-6.141
3.088 	-6.141
3.088 	-6.141
3.088 	-6.141
3.088 	-6.141
3.088 	-6.141
3.088 	-6.141
3.088 	-6.141
3.088 	-6.141
3.088 	-6.141
3.088 	-6.141
3.088 	-6.141
3.088 	-6.141
3.158 	-4.54
3.191 	-4.648
3.18 	-4.551
3.164 	-4.44
3.168 	-4.417
3.161 	-4.416
3.165 	-4.404
3.169 	-4.39
3.167 	-4.373
3.166 	-4.372
3.16 	-4.368
3.142 	-4.307
3.133 	-4.232
3.122 	-4.173
3.095 	-4.101
3.147 	-4.223
3.125 	-4.11
3.143 	-4.153
3.126 	-4.008
3.099 	-3.923
3.1 	-3.83
3.095 	-3.756
3.057 	-3.697
3.051 	-3.634
3.179 	-4.31
3.191 	-4.362
3.171 	-4.248
3.182 	-4.186
3.162 	-4.134
3.147 	-4.089
3.146 	-4.081
3.143 	-4.069
3.137 	-4.07
2.651 	-4.185
3.113 	-3.67
3.077 	-3.554
3.064 	-3.428
3.038 	-3.359
2.5 	-3.336
3.048 	-3.447
3.065 	-3.509
3.078 	-3.571
3.077 	-3.63
3.081 	-3.709
3.116 	-4.131
3.132 	-4.233
3.118 	-4.088
3.127 	-4.013
3.107 	-3.939
3.107 	-3.888
3.097 	-3.822
3.096 	-3.778
3.015 	-4.331
3.012 	-4.424
3.003 	-4.51
2.992 	-4.598
3.088 	-6.141
3.088 	-6.141
3.088 	-6.141
3.088 	-6.141
3.088 	-6.141
3.088 	-6.141
3.088 	-6.141
3.088 	-6.141
3.088 	-6.141
3.088 	-6.141
3.088 	-6.141
3.088 	-6.141
3.088 	-6.141
3.088 	-6.141
3.088 	-6.141
3.088 	-6.141
3.088 	-6.141
3.088 	-6.141
3.088 	-6.141
3.088 	-6.141
3.088 	-6.141
3.088 	-6.141
3.088 	-6.141
3.088 	-6.141
3.088 	-6.141
3.088 	-6.141
3.088 	-6.141
3.088 	-6.141
3.088 	-6.141
3.088 	-6.141
3.088 	-6.141
3.088 	-6.141
3.088 	-6.141
3.088 	-6.141
3.088 	-6.141
3.088 	-6.141
3.088 	-6.141
3.088 	-6.141
3.088 	-6.141
3.088 	-6.141
3.088 	-6.141
3.088 	-6.141
-0.403 	4.915
-0.37 	4.879
0.43 	3.895
0.442 	3.963
0.428 	4.039
0.424 	3.981
0.342 	4.108
-2.373 	1.904
-2.367 	1.842
-2.365 	1.77
-2.363 	1.717
-2.366 	1.646
-2.376 	1.335
-2.388 	1.452
-2.369 	1.517
-2.422 	1.418
-2.427 	1.485
-2.435 	1.549
-2.451 	1.604
-2.442 	1.664
-2.408 	1.737
-2.381 	1.827
-2.334 	1.942
0.322 	3.341
0.217 	3.536
0.194 	3.586
0.231 	3.531
0.203 	3.578
0.231 	3.525
-0.373 	3.412
0.073 	3.687
0.081 	3.695
-0.276 	3.708
-0.22 	3.769
-0.548 	3.653
-0.5 	3.748
-0.457 	3.789
-0.253 	3.76
-0.196 	3.93
-0.023 	3.87
-0.083 	3.91
-0.512 	3.592
-0.491 	3.795
-0.053 	3.877
-0.094 	3.916
-0.087 	3.929
0.014 	3.839
0.033 	3.812
0.036 	3.789
-0.356 	3.643
0.15 	3.66
2.296 	0.884
2.29 	0.98
2.251 	1.069
2.233 	1.118
2.24 	1.176
2.205 	1.252
2.18 	1.322
-2.557 	-1.351
-2.595 	-1.493
0.423 	3.708
-2.634 	-2.573
-2.637 	-2.629
-2.647 	-2.524
-2.64 	-2.41
-2.629 	-2.333
-2.628 	-2.278
-2.601 	-2.227
-2.62 	-2.151
-2.601 	-2.098
-2.582 	-2.044
-2.557 	-2.004
1.753 	1.227
2.686 	-1.43
2.761 	-1.438
2.658 	-1.369
2.665 	-1.472
2.667 	-1.545
2.682 	-1.402
2.203 	-1.478
2.689 	-1.424
2.7 	-1.444
2.694 	-1.479
1.953 	-0.994
-2.465 	-3.538
-2.44 	-3.625
-2.418 	-4.248
-2.403 	-4.331
3.107 	-4.67
3.123 	-4.74
2.577 	-4.85
1.192 	3.071
3.159 	-6.079
1.339 	3.717
2.596 	-6.606
2.555 	-6.675
0.944 	3.426
0.926 	-6.734
1.318 	4.353
1.27 	4.442
1.333 	4.348
1.288 	4.391
1.265 	4.432
1.249 	4.484
1.195 	4.545
1.188 	4.561
1.133 	4.618
1.132 	4.623
1.132 	4.619
1.133 	4.62
1.136 	4.624
1.133 	4.62
-1.518 	0.758
2.307 	2.036
2.32 	2.115
2.328 	2.2
2.331 	2.279
2.324 	2.369
2.334 	2.491
2.296 	2.088
2.659 	-0.778
2.662 	-0.653
2.667 	-0.744
2.692 	-0.821
2.732 	-0.904
2.751 	-0.855
2.753 	-0.951
2.679 	-0.772
2.657 	-0.743
2.632 	-0.679
2.628 	-0.61
2.619 	-0.523
-1.867 	-2.909
